106
165

21

143
20
-0.10451291
70
128

115
20
0.043450896
200
123

116
20
0.12010874
317
133

170
20
-0.041153222
458
136

96
20
-0.14631529
590
126

94
20
0.084901795
686
123

218
20
-0.054990374
841
121

72
20
-0.11065722
985
111

179.0
2.0
0.14678746461868286
673.0
224.0

240.0
0.0
0.03332099691033363
884.0
242.0

34.0
0.0
0.8058034777641296
1010.0
255.0

113.0
0.0
0.22709287703037262
666.0
254.0

146.0
0.0
0.8344595432281494
778.0
330.0

24.0
11.0
0.05942017212510109
809.0
377.0

39.0
0.0
0.9479020833969116
839.0
408.0

55.0
7.0
0.12331657111644745
881.0
426.0

119.0
0.0
0.8685393929481506
950.0
480.0

9.0
40.0
0.9887588620185852
1007.0
512.0

66.0
12.0
-0.05860612913966179
751.0
488.0

61.0
0.0
0.39852243661880493
753.0
467.0

379.0
111.0
-0.014612160623073578
485.0
517.0

