81
179

26

48
20
-0.1448125
23
134

58
20
-0.12010874
76
127

58
20
-0.06885649
135
122

28
20
0.14189705
180
122

101
20
0.06919628
244
127

62
20
0.12832323
326
135

191
20
-0.031403285
451
136

96
20
-0.13459791
593
126

81
20
0.08620557
684
123

118
20
-0.076123804
782
122

112
20
-0.017855246
897
117

68
20
-0.11710875
986
112

302.0
6.0
0.06196506321430206
727.0
223.0

70.0
0.0
-0.12786991894245148
915.0
230.0

74.0
3.0
0.5185807347297668
992.0
246.0

121.0
4.0
0.4911656081676483
634.0
247.0

97.0
0.0
0.5596815943717957
730.0
309.0

133.0
0.0
0.47468796372413635
833.0
365.0

127.0
0.0
1.096585750579834
928.0
455.0

11.0
7.0
0.2257726639509201
906.0
415.0

66.0
14.0
0.016908973455429077
983.0
492.0

0.0
26.0
-0.2120971977710724
1013.0
500.0

114.0
45.0
0.0276655200868845
777.0
484.0

65.0
49.0
1.5515414476394653
697.0
495.0

371.0
117.0
0.0052059972658753395
490.0
397.0

4.0
6.0
-0.05243846774101257
926.0
456.0

