692
199

24

60
20
-1.5208379
469
176

68
20
-1.1983979
484
111

45
20
-0.77001476
515
59

34
20
1.4827889
550
67

98
20
-0.5456551
578
50

23
20
-1.3567356
618
20

43
20
-0.1613751
650
-2

124.0
82.0
-0.05384195223450661
519.0
252.0

42.0
0.0
1.1071487665176392
627.0
162.0

19.0
0.0
-0.05008308216929436
647.0
181.0

18.0
42.0
1.361134648323059
675.0
167.0

37.0
0.0
0.32175055146217346
716.0
179.0

0.0
42.0
0.5116645693778992
744.0
167.0

0.0
69.0
-1.2007155418395996
723.0
135.0

89.0
0.0
0.6678920388221741
785.0
141.0

27.0
0.0
-0.4790041446685791
738.0
118.0

29.0
0.0
0.3860166072845459
710.0
121.0

74.0
4.0
-0.8395026922225952
669.0
140.0

40.0
2.0
0.7909783124923706
634.0
152.0

233.0
54.0
0.012242451310157776
873.0
236.0

148.0
0.0
0.8424789309501648
506.0
353.0

169.0
0.0
0.37394192814826965
633.0
436.0

207.0
0.0
-0.32327261567115784
814.0
433.0

22.0
0.0
-1.3045443296432495
918.0
388.0

