489
75

19

37
20
-1.4100336
328
240

8
20
-0.124354996
343
213

52
20
-1.3397057
345
195

14
20
-0.49394137
362
159

69
20
-1.1849136
377
129

62
20
-0.8081215
414
71

51
20
-0.07827114
467
44

46
20
0.15101534
518
45

29
20
0.66404617
557
60

57
20
-0.65042144
579
51

18
20
-0.39060703
613
29

30
20
-1.4382448
618
18

243.0
40.0
0.0515052005648613
879.0
234.0

132.0
35.0
-0.12670058012008667
494.0
232.0

2.0
82.0
-0.851496160030365
301.0
234.0

177.0
1.0
0.5208429098129272
473.0
360.0

169.0
0.0
0.34661200642585754
633.0
435.0

196.0
0.0
-0.2782996594905853
806.0
439.0

169.0
0.0
-1.1256163120269775
937.0
336.0

