51
20
17
-0.058755822
7
155
17
0.23109066
27
157
28
-0.17670886
46
156
26
-0.15264933
73
152
8
-0.7853982
83
149
31
-0.15991312
107
141
19
-1.0390723
121
135
13
-0.0
141
122
28
-0.47951928
155
116
15
-0.87605804
170
106
12
-0.08314123
188
96
30
-0.9272952
196
87
31
-0.06442684
227
71
31
-0.32175055
255
65
13
0.5667292
284
65
29
-0.0344691
299
66
10
0.71883
324
71
32
0.25255427
339
77
13
0.07677189
360
81
22
0.9453113
380
95
42
0.047583103
400
101
15
0.7853982
433
110
14
-0.0
439
113
7
1.4288993
456
125
17
0.41241044
459
124
67
-0.1798535
494
121
10
0.19739556
535
116
14
-0.27829966
543
115
16
-0.8288491
551
110
10
0.5070985
573
104
40
-0.663203
582
95
34
-0.29423457
618
76
25
-0.9272952
637
64
15
0.066568166
661
51
7
0.98279375
678
59
18
0.11065722
682
59
26
-0.18998829
701
57
18
1.4056476
727
72
37
0.8419416
738
90
9
-0.0
748
101
49
0.7568345
777
120
13
0.15264933
797
136
16
0.6556956
814
144
19
-0.05258306
823
146
32
-0.25255427
847
142
26
-1.3078016
858
132
9
-0.41822433
872
110
16
0.6556956
893
115
55
0.03634762
921
119
24
-0.16514868
959
118
51
0.25436807
1000
122
