45
20
11
0.1798535
7
131
26
-0.39479113
19
127
46
-0.69473827
46
109
33
-0.15037143
86
89
61
0.47089386
136
102
19
-0.0
168
115
56
0.40024066
207
126
31
-0.19118446
243
134
16
-0.0
269
131
32
-0.38050637
288
125
16
-0.124354996
313
118
15
-0.6055447
323
114
50
-0.15865526
359
104
12
-0.61072594
385
98
12
0.24497867
404
94
21
-0.0
418
96
6
0.67474097
437
100
17
0.058755822
443
100
25
0.35877067
466
106
25
-0.119428925
486
108
10
0.2914568
507
108
31
-0.096473776
524
108
10
-0.9272952
536
106
10
-0.0
552
99
10
1.19029
568
110
10
0.5880026
571
113
31
0.12832323
586
117
10
0.8519663
612
126
42
0.14189705
630
130
5
-0.6435011
646
133
27
0.2536741
670
133
30
-0.13255154
694
135
27
-0.75976276
714
126
23
-0.17219082
740
112
8
0.95054686
764
117
14
-0.071307465
765
116
17
0.8685394
786
126
36
-0.0
802
129
23
-0.2551824
828
126
12
0.4266275
852
126
31
-0.15991312
867
125
8
1.0516502
895
131
17
-0.0
897
130
83
0.71770513
944
159
54
0.018516403
996
185
